iig
-842150451
-842150451
-842150451
-842150451
-842150451
-842150451
-842150451
-842150451
-842150451
-842150451
-842150451

-842150451
-842150451
-842150451
-842150451
-842150451
-842150451
-842150451
-842150451
-842150451
-842150451
-842150451

-842150451
-842150451
-842150451
-842150451
-842150451
-842150451
-842150451
-842150451
-842150451
-842150451
-842150451

-842150451
-842150451
-842150451
-842150451
-842150451
-842150451
-842150451
-842150451
-842150451
-842150451
-842150451

-842150451
-842150451
-842150451
-842150451
-842150451
-842150451
-842150451
-842150451
-842150451
-842150451
-842150451

-842150451
-842150451
-842150451
-842150451
-842150451
-842150451
-842150451
-842150451
-842150451
-842150451
-842150451
